                               open            high             low           close         sma        std         upper         lower             buy sell
date                                                                                                                                                       
2022-09-20 16:22:00  19108.83000000  19137.69000000  19108.83000000  19130.19000000         NaN        NaN           NaN           NaN             NaN  NaN
2022-09-20 16:23:00  19129.22000000  19135.89000000  19106.88000000  19109.49000000         NaN        NaN           NaN           NaN             NaN  NaN
2022-09-20 16:24:00  19109.49000000  19111.90000000  19085.72000000  19099.68000000         NaN        NaN           NaN           NaN             NaN  NaN
2022-09-20 16:25:00  19098.82000000  19103.50000000  19076.12000000  19092.12000000         NaN        NaN           NaN           NaN             NaN  NaN
2022-09-20 16:26:00  19092.12000000  19092.97000000  19078.78000000  19087.28000000         NaN        NaN           NaN           NaN             NaN  NaN
2022-09-20 16:27:00  19087.28000000  19094.86000000  19072.85000000  19081.86000000         NaN        NaN           NaN           NaN             NaN  NaN
2022-09-20 16:28:00  19080.58000000  19083.68000000  19027.41000000  19030.71000000         NaN        NaN           NaN           NaN             NaN  NaN
2022-09-20 16:29:00  19031.74000000  19047.63000000  19002.40000000  19019.72000000         NaN        NaN           NaN           NaN             NaN  NaN
2022-09-20 16:30:00  19019.72000000  19021.50000000  18969.23000000  18994.33000000         NaN        NaN           NaN           NaN             NaN  NaN
2022-09-20 16:31:00  18994.33000000  19018.24000000  18980.50000000  19012.83000000         NaN        NaN           NaN           NaN             NaN  NaN
2022-09-20 16:32:00  19012.83000000  19026.92000000  18996.43000000  19002.89000000         NaN        NaN           NaN           NaN             NaN  NaN
2022-09-20 16:33:00  19002.89000000  19031.00000000  18984.99000000  19002.55000000         NaN        NaN           NaN           NaN             NaN  NaN
2022-09-20 16:34:00  19003.37000000  19036.74000000  19000.12000000  19033.13000000         NaN        NaN           NaN           NaN             NaN  NaN
2022-09-20 16:35:00  19034.25000000  19064.87000000  19027.35000000  19049.94000000         NaN        NaN           NaN           NaN             NaN  NaN
2022-09-20 16:36:00  19048.33000000  19055.51000000  19022.97000000  19031.03000000         NaN        NaN           NaN           NaN             NaN  NaN
2022-09-20 16:37:00  19029.82000000  19036.40000000  19012.34000000  19032.69000000         NaN        NaN           NaN           NaN             NaN  NaN
2022-09-20 16:38:00  19030.62000000  19064.30000000  19022.33000000  19049.55000000         NaN        NaN           NaN           NaN             NaN  NaN
2022-09-20 16:39:00  19050.96000000  19063.99000000  19049.55000000  19063.35000000         NaN        NaN           NaN           NaN             NaN  NaN
2022-09-20 16:40:00  19063.35000000  19076.67000000  19056.28000000  19065.82000000         NaN        NaN           NaN           NaN             NaN  NaN
2022-09-20 16:41:00  19066.25000000  19087.18000000  19061.16000000  19086.09000000  19053.7625  39.235658  19132.233817  18975.291183             NaN  NaN
2022-09-20 16:42:00  19086.09000000  19095.90000000  19074.19000000  19085.91000000  19051.5485  35.794416  19123.137332  18979.959668             NaN  NaN
2022-09-20 16:43:00  19085.91000000  19105.09000000  19060.78000000  19100.38000000  19051.0930  35.068889  19121.230778  18980.955222             NaN  NaN
2022-09-20 16:44:00  19100.38000000  19103.08000000  19077.38000000  19085.67000000  19050.3925  34.175838  19118.744177  18982.040823             NaN  NaN
2022-09-20 16:45:00  19086.33000000  19109.00000000  19061.41000000  19106.28000000  19051.1005  35.216603  19121.533706  18980.667294             NaN  NaN
2022-09-20 16:46:00  19106.28000000  19127.58000000  19105.26000000  19121.59000000  19052.8160  37.811811  19128.439622  18977.192378             NaN  NaN
2022-09-20 16:47:00  19121.59000000  19123.46000000  19095.61000000  19110.58000000  19054.2520  39.481383  19133.214766  18975.289234             NaN  NaN
2022-09-20 16:48:00  19110.58000000  19144.53000000  19100.00000000  19140.73000000  19059.7530  43.489751  19146.732503  18972.773497             NaN  NaN
2022-09-20 16:49:00  19141.70000000  19148.00000000  19123.20000000  19125.13000000  19065.0235  44.751806  19154.527112  18975.519888             NaN  NaN
2022-09-20 16:50:00  19124.17000000  19134.34000000  19115.68000000  19120.43000000  19071.3285  43.121009  19157.570518  18985.086482             NaN  NaN
2022-09-20 16:51:00  19119.49000000  19126.12000000  19097.72000000  19103.27000000  19075.8505  41.370103  19158.590705  18993.110295             NaN  NaN
2022-09-20 16:52:00  19104.00000000  19133.15000000  19100.40000000  19130.49000000  19082.2305  39.314103  19160.858706  19003.602294             NaN  NaN
2022-09-20 16:53:00  19130.49000000  19133.39000000  19108.01000000  19125.12000000  19088.3590  35.619134  19159.597269  19017.120731             NaN  NaN
2022-09-20 16:54:00  19126.01000000  19147.04000000  19125.04000000  19144.41000000  19093.9230  35.227114  19164.377229  19023.468771             NaN  NaN
2022-09-20 16:55:00  19143.32000000  19146.63000000  19113.36000000  19114.73000000  19097.1625  33.924515  19165.011530  19029.313470             NaN  NaN
2022-09-20 16:56:00  19115.16000000  19129.71000000  19110.11000000  19115.17000000  19101.3695  30.317068  19162.003635  19040.735365             NaN  NaN
2022-09-20 16:57:00  19116.48000000  19134.69000000  19115.17000000  19123.11000000  19105.8905  25.965923  19157.822346  19053.958654             NaN  NaN
2022-09-20 16:58:00  19123.11000000  19128.50000000  19111.00000000  19118.28000000  19109.3270  22.423450  19154.173900  19064.480100             NaN  NaN
2022-09-20 16:59:00  19118.28000000  19121.87000000  19095.70000000  19101.99000000  19111.2590  19.760015  19150.779030  19071.738970             NaN  NaN
2022-09-20 17:00:00  19101.99000000  19107.25000000  19092.72000000  19104.88000000  19113.2120  16.730701  19146.673401  19079.750599             NaN  NaN
2022-09-20 17:01:00  19104.88000000  19112.11000000  19074.49000000  19087.75000000  19113.2950  16.592616  19146.480232  19080.109768             NaN  NaN
2022-09-20 17:02:00  19087.75000000  19093.38000000  19063.08000000  19074.06000000  19112.7025  17.790313  19148.283125  19077.121875  19074.06000000  NaN
2022-09-20 17:03:00  19072.88000000  19094.24000000  19071.20000000  19076.49000000  19111.5080  19.391227  19150.290453  19072.725547             NaN  NaN
2022-09-20 17:04:00  19076.49000000  19084.72000000  19047.88000000  19047.88000000  19109.6185  23.456443  19156.531386  19062.705614  19047.88000000  NaN
2022-09-20 17:05:00  19047.88000000  19051.64000000  19020.19000000  19022.66000000  19105.4375  30.482877  19166.403253  19044.471747  19022.66000000  NaN
2022-09-20 17:06:00  19022.96000000  19032.40000000  18984.07000000  19019.15000000  19100.3155  35.773293  19171.862086  19028.768914  19019.15000000  NaN
2022-09-20 17:07:00  19019.15000000  19036.08000000  19008.53000000  19013.21000000  19095.4470  40.602569  19176.652138  19014.241862  19013.21000000  NaN
2022-09-20 17:08:00  19013.69000000  19020.09000000  18995.15000000  19004.35000000  19088.6280  43.914355  19176.456711  19000.799289             NaN  NaN
2022-09-20 17:09:00  19005.17000000  19036.92000000  19001.18000000  19027.24000000  19083.7335  45.071820  19173.877139  18993.589861             NaN  NaN
2022-09-20 17:10:00  19027.24000000  19039.65000000  19010.21000000  19012.58000000  19078.3410  46.866280  19172.073560  18984.608440             NaN  NaN
2022-09-20 17:11:00  19013.56000000  19022.83000000  18981.08000000  18985.74000000  19072.4645  50.780923  19174.026346  18970.902654             NaN  NaN
2022-09-20 17:12:00  18985.74000000  19005.99000000  18980.40000000  19005.98000000  19066.2390  50.924833  19168.088666  18964.389334             NaN  NaN
2022-09-20 17:13:00  19005.98000000  19013.10000000  18991.31000000  19002.18000000  19060.0920  50.863235  19161.818471  18958.365529             NaN  NaN
2022-09-20 17:14:00  19003.40000000  19021.92000000  18995.37000000  19021.00000000  19053.9215  47.468252  19148.858003  18958.984997             NaN  NaN
2022-09-20 17:15:00  19020.15000000  19021.41000000  18950.62000000  18960.13000000  19046.1915  49.585427  19145.362354  18947.020646             NaN  NaN
2022-09-20 17:16:00  18960.13000000  18965.65000000  18851.20000000  18929.53000000  19036.9095  53.234505  19143.378511  18930.440489  18929.53000000  NaN
2022-09-20 17:17:00  18928.07000000  18960.00000000  18925.34000000  18947.87000000  19028.1475  52.718913  19133.585326  18922.709674             NaN  NaN
2022-09-20 17:18:00  18947.93000000  18965.39000000  18926.33000000  18963.22000000  19020.3945  50.103012  19120.600524  18920.188476             NaN  NaN
2022-09-20 17:19:00  18963.22000000  18977.29000000  18917.89000000  18920.27000000  19011.3085  50.996340  19113.301179  18909.315821             NaN  NaN
2022-09-20 17:20:00  18919.86000000  18939.49000000  18917.19000000  18927.76000000  19002.4525  49.240579  19100.933658  18903.971342             NaN  NaN
2022-09-20 17:21:00  18927.76000000  18937.49000000  18918.59000000  18936.28000000  18994.8790  47.029686  19088.938372  18900.819628             NaN  NaN